#	AA	AC	AG	AT	CA	CC	CG	CT	GA	GC	GG	GT	TA	TC	TG	TT	lamada_1	lamada_2
P_1	0.030046708845640927	0.030046708845640927	0.015023354422820464	0.030046708845640927	0.045070063268461386	0.12018683538256371	0.07511677211410232	0.015023354422820464	0.030046708845640927	0.045070063268461386	0.07511677211410232	0.015023354422820464	0.0	0.045070063268461386	0.0	0.030046708845640927	0.2163438795681954	0.18272194351898605
P_2	0.015130375464221598	0.045391126392664786	0.0	0.015130375464221598	0.060521501856886394	0.060521501856886394	0.045391126392664786	0.015130375464221598	0.0	0.030260750928443197	0.060521501856886394	0.060521501856886394	0.0	0.045391126392664786	0.045391126392664786	0.10591262824955117	0.20269408783838946	0.19209089359274667
P_3	0.014574972299340688	0.0	0.05829988919736275	0.0	0.014574972299340688	0.029149944598681376	0.014574972299340688	0.014574972299340688	0.029149944598681376	0.04372491689802206	0.1020248060953848	0.1165997783947255	0.029149944598681376	0.0	0.1020248060953848	0.014574972299340688	0.23337729670805515	0.18362381131831734
P_4	0.015775847403865804	0.03155169480773161	0.047327542211597406	0.015775847403865804	0.03155169480773161	0.07887923701932902	0.047327542211597406	0.03155169480773161	0.047327542211597406	0.03155169480773161	0.06310338961546322	0.06310338961546322	0.015775847403865804	0.047327542211597406	0.047327542211597406	0.015775847403865804	0.21605325052912036	0.1529128533162475
P_5	0.04917330349455888	0.016391101164852963	0.04917330349455888	0.032782202329705926	0.04917330349455888	0.08195550582426481	0.032782202329705926	0.016391101164852963	0.04917330349455888	0.032782202329705926	0.06556440465941185	0.04917330349455888	0.0	0.06556440465941185	0.04917330349455888	0.016391101164852963	0.17004798001953234	0.17430797338634935
P_6	0.04425132050777584	0.0	0.04425132050777584	0.014750440169258614	0.02950088033851723	0.04425132050777584	0.05900176067703446	0.014750440169258614	0.04425132050777584	0.04425132050777584	0.08850264101555168	0.04425132050777584	0.0	0.05900176067703446	0.014750440169258614	0.04425132050777584	0.1965667106373108	0.21341568259234464
P_7	0.05118768681260612	0.03412512454173742	0.08531281135434353	0.05118768681260612	0.05118768681260612	0.0	0.0	0.03412512454173742	0.05118768681260612	0.01706256227086871	0.03412512454173742	0.06825024908347484	0.06825024908347484	0.03412512454173742	0.05118768681260612	0.05118768681260612	0.17885263606701088	0.1386448730982408
P_8	0.0	0.0	0.08567257361505011	0.0	0.05711504907670007	0.08567257361505011	0.042836286807525055	0.014278762269175018	0.028557524538350035	0.11423009815340014	0.09995133588422511	0.014278762269175018	0.0	0.0	0.028557524538350035	0.0	0.2227749301503086	0.2060745790826907
P_9	0.015510601865126641	0.0	0.07755300932563321	0.0	0.031021203730253282	0.062042407460506564	0.031021203730253282	0.04653180559537992	0.04653180559537992	0.07755300932563321	0.10857421305588648	0.031021203730253282	0.0	0.015510601865126641	0.062042407460506564	0.015510601865126641	0.18524362183834492	0.1943323035565894
P_10	0.0	0.029138625024690418	0.014569312512345209	0.04370793753703562	0.014569312512345209	0.1456931251234521	0.07284656256172604	0.0	0.058277250049380835	0.04370793753703562	0.04370793753703562	0.014569312512345209	0.014569312512345209	0.029138625024690418	0.029138625024690418	0.029138625024690418	0.18631087411940767	0.230916625386784
P_11	0.0	0.0	0.0296665537411456	0.0	0.0	0.1186662149645824	0.0593331074822912	0.0444998306117184	0.0296665537411456	0.074166384352864	0.10383293809400959	0.0444998306117184	0.0	0.0296665537411456	0.0593331074822912	0.0	0.22247683975321403	0.1841920854238739
P_12	0.015421384396282812	0.030842768792565624	0.04626415318884843	0.015421384396282812	0.030842768792565624	0.04626415318884843	0.04626415318884843	0.04626415318884843	0.04626415318884843	0.015421384396282812	0.06168553758513125	0.06168553758513125	0.015421384396282812	0.07710692198141406	0.015421384396282812	0.04626415318884843	0.19991855677619294	0.1832260673724946
P_13	0.014718785057797163	0.014718785057797163	0.10303149540458012	0.014718785057797163	0.04415635517339148	0.04415635517339148	0.04415635517339148	0.029437570115594325	0.029437570115594325	0.05887514023118865	0.029437570115594325	0.05887514023118865	0.04415635517339148	0.04415635517339148	0.014718785057797163	0.0	0.2132532053710013	0.19799539231711233
P_14	0.029342863832147605	0.029342863832147605	0.029342863832147605	0.014671431916073802	0.029342863832147605	0.014671431916073802	0.0440142957482214	0.0440142957482214	0.029342863832147605	0.029342863832147605	0.07335715958036901	0.05868572766429521	0.014671431916073802	0.05868572766429521	0.0440142957482214	0.0440142957482214	0.20616145652242127	0.2069812668346267
P_15	0.027491981134490546	0.027491981134490546	0.027491981134490546	0.013745990567245273	0.041237971701735814	0.041237971701735814	0.06872995283622636	0.013745990567245273	0.027491981134490546	0.05498396226898109	0.027491981134490546	0.05498396226898109	0.0	0.05498396226898109	0.041237971701735814	0.027491981134490546	0.23660247493128303	0.21355790237890604
P_16	0.0	0.0	0.025353825436334288	0.025353825436334288	0.0	0.03803073815450143	0.06338456359083572	0.025353825436334288	0.012676912718167144	0.06338456359083572	0.03803073815450143	0.07606147630900285	0.03803073815450143	0.025353825436334288	0.050707650872668576	0.025353825436334288	0.2634972586646713	0.22942623260864292
P_17	0.07138021787907615	0.04282813072744569	0.014276043575815231	0.0	0.028552087151630462	0.057104174303260924	0.07138021787907615	0.028552087151630462	0.04282813072744569	0.04282813072744569	0.07138021787907615	0.028552087151630462	0.0	0.04282813072744569	0.014276043575815231	0.014276043575815231	0.23808387264224004	0.19087438432515075
P_18	0.0	0.01444420519997742	0.043332615599932255	0.01444420519997742	0.02888841039995484	0.043332615599932255	0.043332615599932255	0.01444420519997742	0.0	0.01444420519997742	0.043332615599932255	0.11555364159981936	0.043332615599932255	0.043332615599932255	0.05777682079990968	0.05777682079990968	0.22948175456828743	0.19275003743261587
P_19	0.046760847716463036	0.031173898477642025	0.046760847716463036	0.046760847716463036	0.031173898477642025	0.06234779695528405	0.046760847716463036	0.015586949238821013	0.06234779695528405	0.046760847716463036	0.06234779695528405	0.031173898477642025	0.015586949238821013	0.031173898477642025	0.046760847716463036	0.0	0.20102618990660054	0.1754958405405591
P_20	0.033731232316182386	0.016865616158091193	0.016865616158091193	0.06746246463236477	0.016865616158091193	0.033731232316182386	0.05059684847427357	0.05059684847427357	0.06746246463236477	0.016865616158091193	0.033731232316182386	0.033731232316182386	0.016865616158091193	0.10119369694854714	0.033731232316182386	0.08432808079045596	0.1404980495961902	0.18487730408016212
P_21	0.01538821244250612	0.01538821244250612	0.03077642488501224	0.01538821244250612	0.03077642488501224	0.09232927465503672	0.04616463732751836	0.04616463732751836	0.03077642488501224	0.03077642488501224	0.06155284977002448	0.06155284977002448	0.0	0.09232927465503672	0.03077642488501224	0.01538821244250612	0.2027105533926057	0.18176094890714956
P_22	0.0	0.0	0.05949576516041939	0.014873941290104848	0.0	0.04462182387031454	0.04462182387031454	0.04462182387031454	0.04462182387031454	0.05949576516041939	0.07436970645052424	0.05949576516041939	0.029747882580209696	0.029747882580209696	0.05949576516041939	0.029747882580209696	0.2193041109141572	0.18573823748164892
P_23	0.0	0.0	0.09152426486946039	0.030508088289820132	0.04576213243473019	0.030508088289820132	0.061016176579640265	0.030508088289820132	0.061016176579640265	0.061016176579640265	0.061016176579640265	0.030508088289820132	0.030508088289820132	0.061016176579640265	0.0	0.015254044144910066	0.21170701954441457	0.17813121465918286
P_24	0.01638021398421856	0.04914064195265567	0.03276042796843712	0.03276042796843712	0.0	0.04914064195265567	0.01638021398421856	0.06552085593687423	0.06552085593687423	0.03276042796843712	0.09828128390531134	0.03276042796843712	0.04914064195265567	0.0	0.08190106992109278	0.03276042796843712	0.1858464078192206	0.15894503281203698
P_25	0.06108444224265669	0.04581333168199251	0.04581333168199251	0.015271110560664172	0.04581333168199251	0.030542221121328345	0.04581333168199251	0.04581333168199251	0.030542221121328345	0.04581333168199251	0.09162666336398502	0.030542221121328345	0.015271110560664172	0.04581333168199251	0.015271110560664172	0.0	0.2025858478772835	0.18656972969614966
P_26	0.029974262666106064	0.014987131333053032	0.029974262666106064	0.014987131333053032	0.014987131333053032	0.029974262666106064	0.05994852533221213	0.04496139399915909	0.029974262666106064	0.029974262666106064	0.07493565666526515	0.05994852533221213	0.014987131333053032	0.07493565666526515	0.04496139399915909	0.029974262666106064	0.2269575080564629	0.17355723862141598
P_27	0.029877497141017194	0.029877497141017194	0.05975499428203439	0.0	0.014938748570508597	0.014938748570508597	0.029877497141017194	0.04481624571152579	0.04481624571152579	0.04481624571152579	0.11950998856406878	0.04481624571152579	0.04481624571152579	0.014938748570508597	0.029877497141017194	0.029877497141017194	0.19433268984444263	0.20811736733521355
P_28	0.04485652691321663	0.029904351275477754	0.07476087818869438	0.0	0.04485652691321663	0.04485652691321663	0.029904351275477754	0.04485652691321663	0.029904351275477754	0.05980870255095551	0.05980870255095551	0.04485652691321663	0.029904351275477754	0.029904351275477754	0.029904351275477754	0.0	0.22908471107688375	0.1728282634135611
P_29	0.03204695969740111	0.048070439546101656	0.0	0.048070439546101656	0.048070439546101656	0.09614087909220331	0.06409391939480222	0.06409391939480222	0.048070439546101656	0.03204695969740111	0.016023479848700554	0.016023479848700554	0.016023479848700554	0.08011739924350277	0.03204695969740111	0.0	0.22748186481039348	0.13157894124158442
P_30	0.030735296551437512	0.061470593102875025	0.0	0.04610294482715627	0.04610294482715627	0.09220588965431253	0.04610294482715627	0.07683824137859378	0.015367648275718756	0.04610294482715627	0.015367648275718756	0.015367648275718756	0.030735296551437512	0.061470593102875025	0.030735296551437512	0.0	0.23094076263105587	0.15435330634019398
P_31	0.03236132399120577	0.03236132399120577	0.06472264798241154	0.0	0.06472264798241154	0.06472264798241154	0.016180661995602884	0.048541985986808645	0.016180661995602884	0.048541985986808645	0.06472264798241154	0.048541985986808645	0.016180661995602884	0.03236132399120577	0.048541985986808645	0.048541985986808645	0.198262647165168	0.1545108730107167
P_32	0.04696686344397412	0.015655621147991374	0.015655621147991374	0.03131124229598275	0.03131124229598275	0.09393372688794824	0.0626224845919655	0.04696686344397412	0.015655621147991374	0.04696686344397412	0.0626224845919655	0.03131124229598275	0.0	0.07827810573995687	0.03131124229598275	0.015655621147991374	0.2198810848456402	0.1538940692347049
P_33	0.0	0.0	0.0400353741976757	0.026690249465117135	0.0	0.013345124732558568	0.05338049893023427	0.0400353741976757	0.013345124732558568	0.05338049893023427	0.013345124732558568	0.09341587312790996	0.05338049893023427	0.026690249465117135	0.0800707483953514	0.026690249465117135	0.25196197736596976	0.2142330333316876
P_34	0.01657046673383652	0.03314093346767304	0.06628186693534607	0.03314093346767304	0.03314093346767304	0.04971140020150955	0.01657046673383652	0.01657046673383652	0.06628186693534607	0.03314093346767304	0.03314093346767304	0.08285233366918258	0.03314093346767304	0.0	0.08285233366918258	0.06628186693534607	0.19167911471111926	0.1455022159354201
P_35	0.04700082853742759	0.0156669428458092	0.0313338856916184	0.07833471422904599	0.0313338856916184	0.0313338856916184	0.04700082853742759	0.0156669428458092	0.04700082853742759	0.0313338856916184	0.04700082853742759	0.0313338856916184	0.0313338856916184	0.04700082853742759	0.04700082853742759	0.04700082853742759	0.22841842944223184	0.14490385672540032
P_36	0.0864116924773598	0.01728233849547196	0.12097636946830372	0.03456467699094392	0.01728233849547196	0.0	0.01728233849547196	0.051847015486415876	0.0864116924773598	0.03456467699094392	0.03456467699094392	0.03456467699094392	0.051847015486415876	0.03456467699094392	0.03456467699094392	0.03456467699094392	0.15880888555784015	0.14989757462328154
P_37	0.03081216936483969	0.015406084682419845	0.04621825404725953	0.015406084682419845	0.015406084682419845	0.07703042341209922	0.06162433872967938	0.0	0.06162433872967938	0.0	0.1078425927769389	0.06162433872967938	0.0	0.06162433872967938	0.015406084682419845	0.04621825404725953	0.18816209676039106	0.1955945159428152
P_38	0.018037937243554472	0.05411381173066341	0.05411381173066341	0.018037937243554472	0.07215174897421789	0.09018968621777235	0.0	0.07215174897421789	0.036075874487108944	0.05411381173066341	0.018037937243554472	0.05411381173066341	0.018037937243554472	0.05411381173066341	0.07215174897421789	0.036075874487108944	0.16588217435361735	0.11260033590420383
P_39	0.06195658860838612	0.03097829430419306	0.03097829430419306	0.03097829430419306	0.04646744145628958	0.06195658860838612	0.04646744145628958	0.01548914715209653	0.03097829430419306	0.03097829430419306	0.07744573576048264	0.03097829430419306	0.0	0.04646744145628958	0.03097829430419306	0.04646744145628958	0.20249449251948784	0.17793962139665104
P_40	0.0	0.044830550441342876	0.044830550441342876	0.0	0.029887033627561923	0.029887033627561923	0.044830550441342876	0.029887033627561923	0.044830550441342876	0.044830550441342876	0.0747175840689048	0.059774067255123846	0.014943516813780961	0.0	0.059774067255123846	0.0747175840689048	0.22520618073642987	0.17705314671233163
P_39	0.013529532630821978	0.04058859789246593	0.05411813052328791	0.0	0.06764766315410989	0.05411813052328791	0.06764766315410989	0.027059065261643957	0.027059065261643957	0.09470672841575384	0.04058859789246593	0.013529532630821978	0.0	0.013529532630821978	0.027059065261643957	0.0	0.28309608057303004	0.17572261419409088
P_42	0.0284472308608736	0.0284472308608736	0.0568944617217472	0.0142236154304368	0.0284472308608736	0.0142236154304368	0.0568944617217472	0.04267084629131039	0.04267084629131039	0.0568944617217472	0.0284472308608736	0.0568944617217472	0.0142236154304368	0.04267084629131039	0.04267084629131039	0.0142236154304368	0.2731850795638271	0.15787030321870107
P_43	0.0	0.0	0.0158826295879127	0.0635305183516508	0.0317652591758254	0.09529577752747619	0.04764788876373809	0.0158826295879127	0.0317652591758254	0.0635305183516508	0.0635305183516508	0.0317652591758254	0.0158826295879127	0.04764788876373809	0.0635305183516508	0.04764788876373809	0.1949394045422979	0.1697554119411941
P_44	0.015293920367586535	0.0458817611027596	0.03058784073517307	0.015293920367586535	0.03058784073517307	0.07646960183793267	0.06117568147034614	0.015293920367586535	0.03058784073517307	0.015293920367586535	0.06117568147034614	0.0458817611027596	0.0458817611027596	0.03058784073517307	0.0	0.0917635222055192	0.22018298987899743	0.16806019541754122
P_45	0.042752060375258416	0.014250686791752808	0.07125343395876403	0.014250686791752808	0.014250686791752808	0.014250686791752808	0.05700274716701123	0.028501373583505615	0.05700274716701123	0.05700274716701123	0.042752060375258416	0.042752060375258416	0.042752060375258416	0.014250686791752808	0.028501373583505615	0.028501373583505615	0.21354534792714605	0.21642718040274173
P_46	0.014455149633336516	0.02891029926667303	0.014455149633336516	0.014455149633336516	0.0	0.07227574816668259	0.05782059853334606	0.04336544890000955	0.02891029926667303	0.02891029926667303	0.1011860474333556	0.04336544890000955	0.014455149633336516	0.04336544890000955	0.02891029926667303	0.04336544890000955	0.21456159129486774	0.20723242337167166
P_47	0.0	0.015756604661528336	0.047269813984585005	0.015756604661528336	0.03151320932305667	0.06302641864611334	0.015756604661528336	0.03151320932305667	0.015756604661528336	0.03151320932305667	0.09453962796917001	0.06302641864611334	0.03151320932305667	0.047269813984585005	0.047269813984585005	0.07878302330764168	0.19003168208780377	0.17970413145106273
P_48	0.0	0.028613005487790395	0.014306502743895198	0.0	0.028613005487790395	0.08583901646337118	0.05722601097558079	0.014306502743895198	0.014306502743895198	0.028613005487790395	0.10014551920726637	0.05722601097558079	0.0	0.04291950823168559	0.04291950823168559	0.05722601097558079	0.204061083126492	0.22367880711770013
P_49	0.0	0.028967652783815474	0.05793530556763095	0.014483826391907737	0.028967652783815474	0.07241913195953868	0.07241913195953868	0.014483826391907737	0.07241913195953868	0.05793530556763095	0.07241913195953868	0.028967652783815474	0.0	0.014483826391907737	0.04345147917572321	0.0	0.25849440941306573	0.16215253491062476
P_50	0.014836514950104391	0.0	0.04450954485031317	0.04450954485031317	0.0	0.0	0.04450954485031317	0.04450954485031317	0.029673029900208783	0.029673029900208783	0.07418257475052195	0.07418257475052195	0.07418257475052195	0.059346059800417565	0.04450954485031317	0.014836514950104391	0.23295423336851714	0.17358516862730722
P_51	0.0	0.014783397716604271	0.014783397716604271	0.04435019314981281	0.014783397716604271	0.029566795433208542	0.059133590866417084	0.04435019314981281	0.029566795433208542	0.029566795433208542	0.059133590866417084	0.04435019314981281	0.014783397716604271	0.07391698858302136	0.04435019314981281	0.07391698858302136	0.2036624299060377	0.2050016614297916
P_52	0.03198818586936135	0.04798227880404202	0.07997046467340337	0.015994092934680675	0.03198818586936135	0.015994092934680675	0.015994092934680675	0.03198818586936135	0.07997046467340337	0.03198818586936135	0.04798227880404202	0.0639763717387227	0.04798227880404202	0.0	0.0639763717387227	0.03198818586936135	0.19007560489751213	0.17016067771526094
P_53	0.0	0.0	0.09620601877981012	0.03206867292660338	0.04810300938990506	0.01603433646330169	0.03206867292660338	0.04810300938990506	0.06413734585320675	0.06413734585320675	0.04810300938990506	0.04810300938990506	0.03206867292660338	0.04810300938990506	0.04810300938990506	0.01603433646330169	0.20720591938134988	0.15142062208658252
P_54	0.01624490786263143	0.04873472358789428	0.04873472358789428	0.03248981572526286	0.03248981572526286	0.03248981572526286	0.03248981572526286	0.06497963145052572	0.08122453931315715	0.01624490786263143	0.06497963145052572	0.01624490786263143	0.01624490786263143	0.06497963145052572	0.04873472358789428	0.03248981572526286	0.16201013288514401	0.18819355260959883
P_55	0.01554345788502848	0.03108691577005696	0.03108691577005696	0.03108691577005696	0.04663037365508543	0.06217383154011392	0.03108691577005696	0.06217383154011392	0.03108691577005696	0.09326074731017087	0.06217383154011392	0.01554345788502848	0.01554345788502848	0.03108691577005696	0.06217383154011392	0.0	0.21405958654011864	0.16420209805874214
P_56	0.08261762498718758	0.049570574992312544	0.03304704999487503	0.03304704999487503	0.049570574992312544	0.049570574992312544	0.03304704999487503	0.049570574992312544	0.049570574992312544	0.03304704999487503	0.03304704999487503	0.016523524997437516	0.03304704999487503	0.03304704999487503	0.03304704999487503	0.049570574992312544	0.18478563054326635	0.1542733695592331
P_57	0.04007882074327884	0.026719213828852565	0.013359606914426283	0.026719213828852565	0.013359606914426283	0.05343842765770513	0.08015764148655768	0.013359606914426283	0.013359606914426283	0.04007882074327884	0.05343842765770513	0.05343842765770513	0.04007882074327884	0.04007882074327884	0.013359606914426283	0.013359606914426283	0.2755926591163168	0.19002306430663193
P_58	0.015186476393448035	0.0455594291803441	0.03037295278689607	0.03037295278689607	0.0455594291803441	0.03037295278689607	0.03037295278689607	0.0455594291803441	0.015186476393448035	0.015186476393448035	0.06074590557379214	0.06074590557379214	0.0455594291803441	0.06074590557379214	0.03037295278689607	0.0455594291803441	0.20707381001416486	0.1854671342479137
P_59	0.04389033314563487	0.04389033314563487	0.014630111048544957	0.04389033314563487	0.05852044419417983	0.014630111048544957	0.05852044419417983	0.0	0.04389033314563487	0.029260222097089915	0.07315055524272478	0.04389033314563487	0.0	0.04389033314563487	0.04389033314563487	0.029260222097089915	0.21596069615336	0.19883486190484181
P_60	0.014167006371043608	0.028334012742087217	0.04250101911313082	0.014167006371043608	0.028334012742087217	0.028334012742087217	0.028334012742087217	0.04250101911313082	0.0	0.056668025484174434	0.028334012742087217	0.08500203822626164	0.056668025484174434	0.028334012742087217	0.056668025484174434	0.028334012742087217	0.23483198278405495	0.19848776237420074
P_61	0.06507104730928585	0.016267761827321463	0.03253552365464293	0.04880328548196439	0.03253552365464293	0.03253552365464293	0.04880328548196439	0.04880328548196439	0.08133880913660732	0.016267761827321463	0.04880328548196439	0.03253552365464293	0.0	0.09760657096392877	0.03253552365464293	0.016267761827321463	0.16588929158002602	0.18340023532711552
P_62	0.0	0.015311847460143791	0.07655923730071895	0.0	0.015311847460143791	0.18374216952172548	0.07655923730071895	0.015311847460143791	0.07655923730071895	0.07655923730071895	0.061247389840575164	0.0	0.0	0.015311847460143791	0.0	0.0	0.20798370320193751	0.17954239839231084
P_63	0.016033560436058837	0.016033560436058837	0.08016780218029418	0.032067120872117674	0.048100681308176504	0.032067120872117674	0.032067120872117674	0.032067120872117674	0.048100681308176504	0.016033560436058837	0.08016780218029418	0.06413424174423535	0.032067120872117674	0.06413424174423535	0.032067120872117674	0.016033560436058837	0.18008788191378378	0.17856970064386274
P_64	0.027552048015552714	0.013776024007776357	0.05510409603110543	0.027552048015552714	0.027552048015552714	0.013776024007776357	0.04132807202332907	0.027552048015552714	0.013776024007776357	0.08265614404665814	0.06888012003888178	0.04132807202332907	0.04132807202332907	0.013776024007776357	0.04132807202332907	0.013776024007776357	0.2464608641383439	0.20249817555060184
P_65	0.045445292199828305	0.0	0.045445292199828305	0.030296861466552208	0.045445292199828305	0.07574215366638051	0.045445292199828305	0.030296861466552208	0.030296861466552208	0.09089058439965661	0.060593722933104416	0.015148430733276104	0.0	0.030296861466552208	0.030296861466552208	0.030296861466552208	0.1884768528676815	0.20558591780127441
P_66	0.0	0.0	0.0	0.04197773596811781	0.013992578656039272	0.05597031462415709	0.06996289328019635	0.05597031462415709	0.013992578656039272	0.08395547193623562	0.08395547193623562	0.0	0.0	0.05597031462415709	0.04197773596811781	0.04197773596811781	0.2191586316460567	0.22113822211237247
P_67	0.04882777125359891	0.01627592375119964	0.06510369500479855	0.03255184750239928	0.03255184750239928	0.04882777125359891	0.03255184750239928	0.03255184750239928	0.04882777125359891	0.01627592375119964	0.06510369500479855	0.06510369500479855	0.03255184750239928	0.06510369500479855	0.03255184750239928	0.01627592375119964	0.1756837120750431	0.1732793378769713
P_68	0.03266519711876386	0.01633259855938193	0.08166299279690965	0.03266519711876386	0.048997795678145786	0.048997795678145786	0.0	0.03266519711876386	0.01633259855938193	0.06533039423752772	0.03266519711876386	0.06533039423752772	0.06533039423752772	0.01633259855938193	0.06533039423752772	0.03266519711876386	0.19393743522091364	0.15275862240380914
P_69	0.03161316348150854	0.03161316348150854	0.06322632696301708	0.01580658174075427	0.06322632696301708	0.01580658174075427	0.04741974522226281	0.01580658174075427	0.04741974522226281	0.01580658174075427	0.06322632696301708	0.07903290870377135	0.0	0.07903290870377135	0.03161316348150854	0.03161316348150854	0.21621231429604915	0.15152441607377992
P_70	0.04968223228585539	0.01656074409528513	0.08280372047642565	0.03312148819057026	0.06624297638114052	0.04968223228585539	0.0	0.03312148819057026	0.01656074409528513	0.04968223228585539	0.04968223228585539	0.06624297638114052	0.04968223228585539	0.01656074409528513	0.04968223228585539	0.03312148819057026	0.19467010308289914	0.1429001331056956
P_71	0.034996933974187704	0.034996933974187704	0.034996933974187704	0.05249540096128155	0.05249540096128155	0.05249540096128155	0.0	0.05249540096128155	0.034996933974187704	0.017498466987093852	0.05249540096128155	0.05249540096128155	0.034996933974187704	0.05249540096128155	0.08749233493546926	0.05249540096128155	0.15975971738006353	0.14030160313618248
P_72	0.04703802156566259	0.015679340521887533	0.04703802156566259	0.015679340521887533	0.06271736208755013	0.09407604313132518	0.04703802156566259	0.04703802156566259	0.015679340521887533	0.06271736208755013	0.015679340521887533	0.031358681043775066	0.0	0.07839670260943765	0.015679340521887533	0.031358681043775066	0.20861384006204556	0.16421253906245314
P_73	0.10923556453181757	0.0182059274219696	0.09102963710984797	0.0364118548439392	0.0728237096878784	0.0364118548439392	0.0	0.0728237096878784	0.0182059274219696	0.0728237096878784	0.0364118548439392	0.0	0.0364118548439392	0.054617782265908785	0.0182059274219696	0.054617782265908785	0.14092881644290378	0.13083408667831234
P_74	0.014724889826046026	0.0	0.07362444913023013	0.029449779652092053	0.029449779652092053	0.029449779652092053	0.058899559304184106	0.014724889826046026	0.07362444913023013	0.058899559304184106	0.029449779652092053	0.058899559304184106	0.0	0.029449779652092053	0.058899559304184106	0.029449779652092053	0.222913185119755	0.18809122183840393
P_75	0.01637168712420916	0.03274337424841832	0.04911506137262747	0.01637168712420916	0.06548674849683664	0.04911506137262747	0.01637168712420916	0.04911506137262747	0.03274337424841832	0.01637168712420916	0.09823012274525494	0.04911506137262747	0.0	0.09823012274525494	0.01637168712420916	0.04911506137262747	0.17154572806751855	0.17358678696411503
P_76	0.017765491598180368	0.0	0.053296474794541096	0.053296474794541096	0.07106196639272147	0.053296474794541096	0.0	0.053296474794541096	0.017765491598180368	0.017765491598180368	0.08882745799090183	0.053296474794541096	0.017765491598180368	0.10659294958908219	0.035530983196360735	0.07106196639272147	0.13742716196394794	0.15195317410883755
P_77	0.01551169963350815	0.01551169963350815	0.01551169963350815	0.01551169963350815	0.0310233992670163	0.07755849816754075	0.04653509890052445	0.07755849816754075	0.01551169963350815	0.0620467985340326	0.07755849816754075	0.01551169963350815	0.01551169963350815	0.0620467985340326	0.0310233992670163	0.04653509890052445	0.1929223493234004	0.18660966533627352
P_78	0.06881520394386341	0.0	0.051611402957897554	0.051611402957897554	0.034407601971931705	0.0	0.0	0.06881520394386341	0.017203800985965852	0.017203800985965852	0.051611402957897554	0.08601900492982927	0.06881520394386341	0.08601900492982927	0.051611402957897554	0.034407601971931705	0.160084720709989	0.15176323985137685
P_79	0.01594364008863872	0.06377456035455488	0.047830920265916156	0.03188728017727744	0.06377456035455488	0.01594364008863872	0.03188728017727744	0.0797182004431936	0.06377456035455488	0.047830920265916156	0.03188728017727744	0.01594364008863872	0.0	0.0797182004431936	0.047830920265916156	0.0	0.18967355519561893	0.17258084125883213
P_80	0.01631751886334175	0.0326350377266835	0.01631751886334175	0.048952556590025245	0.0326350377266835	0.065270075453367	0.0326350377266835	0.08158759431670874	0.01631751886334175	0.0326350377266835	0.0326350377266835	0.0326350377266835	0.0326350377266835	0.09790511318005049	0.0326350377266835	0.048952556590025245	0.17509646108983395	0.17220278437649622
P_81	0.08631205475064602	0.03452482190025841	0.03452482190025841	0.017262410950129203	0.03452482190025841	0.017262410950129203	0.017262410950129203	0.05178723285038761	0.03452482190025841	0.017262410950129203	0.03452482190025841	0.06904964380051681	0.017262410950129203	0.05178723285038761	0.06904964380051681	0.10357446570077522	0.15645454195208255	0.1530490200427494
P_82	0.014800729903554622	0.029601459807109244	0.029601459807109244	0.0	0.014800729903554622	0.05920291961421849	0.05920291961421849	0.05920291961421849	0.029601459807109244	0.05920291961421849	0.05920291961421849	0.04440218971066386	0.0	0.05920291961421849	0.04440218971066386	0.029601459807109244	0.24423650888867987	0.16373429496913522
P_83	0.01451681159920282	0.02903362319840564	0.02903362319840564	0.0	0.01451681159920282	0.01451681159920282	0.04355043479760846	0.08710086959521691	0.0	0.0725840579960141	0.05806724639681128	0.04355043479760846	0.02903362319840564	0.04355043479760846	0.04355043479760846	0.05806724639681128	0.2446524214428667	0.17467511458902046
P_84	0.030196827034507722	0.04529524055176158	0.030196827034507722	0.015098413517253861	0.060393654069015444	0.030196827034507722	0.04529524055176158	0.060393654069015444	0.0	0.04529524055176158	0.015098413517253861	0.04529524055176158	0.030196827034507722	0.0754920675862693	0.015098413517253861	0.060393654069015444	0.23452685751098487	0.16153660179886076
P_85	0.02749592470784629	0.04124388706176943	0.02749592470784629	0.013747962353923145	0.04124388706176943	0.05499184941569258	0.06873981176961572	0.013747962353923145	0.013747962353923145	0.02749592470784629	0.04124388706176943	0.06873981176961572	0.013747962353923145	0.05499184941569258	0.013747962353923145	0.02749592470784629	0.2682808394787823	0.1818006663642919
P_86	0.0	0.0	0.08081086760193484	0.06464869408154787	0.0484865205611609	0.0	0.016162173520386968	0.032324347040773936	0.0484865205611609	0.08081086760193484	0.016162173520386968	0.06464869408154787	0.0484865205611609	0.016162173520386968	0.0969730411223218	0.032324347040773936	0.24172066596914327	0.11179239321537808
P_87	0.014528420366190632	0.029056840732381264	0.07264210183095315	0.029056840732381264	0.043585261098571894	0.043585261098571894	0.043585261098571894	0.029056840732381264	0.029056840732381264	0.05811368146476253	0.043585261098571894	0.043585261098571894	0.043585261098571894	0.029056840732381264	0.014528420366190632	0.014528420366190632	0.20819295922489683	0.21067022612747785
P_88	0.031468751195627635	0.015734375597813818	0.07867187798906908	0.031468751195627635	0.031468751195627635	0.015734375597813818	0.015734375597813818	0.06293750239125527	0.015734375597813818	0.04720312679344144	0.06293750239125527	0.04720312679344144	0.06293750239125527	0.04720312679344144	0.031468751195627635	0.031468751195627635	0.2151552946596796	0.15546968142776768
P_89	0.014677429535730693	0.0	0.08806457721438415	0.014677429535730693	0.07338714767865347	0.029354859071461386	0.04403228860719208	0.05870971814292277	0.0	0.11741943628584554	0.014677429535730693	0.029354859071461386	0.014677429535730693	0.05870971814292277	0.014677429535730693	0.014677429535730693	0.2736284837072127	0.13927433486355958
P_90	0.05725634296031216	0.0	0.1335981335740617	0.03817089530687477	0.05725634296031216	0.03817089530687477	0.0	0.07634179061374954	0.07634179061374954	0.019085447653437386	0.019085447653437386	0.05725634296031216	0.019085447653437386	0.11451268592062432	0.03817089530687477	0.019085447653437386	0.12501261835273084	0.11156947550977381
P_91	0.0	0.043762431279989994	0.01458747709333	0.01458747709333	0.01458747709333	0.05834990837332	0.07293738546664999	0.02917495418666	0.043762431279989994	0.02917495418666	0.043762431279989994	0.043762431279989994	0.02917495418666	0.043762431279989994	0.02917495418666	0.07293738546664999	0.2428781023272185	0.17362281393958157
P_92	0.03188955587830824	0.01594477793915412	0.047834333817462354	0.01594477793915412	0.0	0.01594477793915412	0.03188955587830824	0.0797238896957706	0.047834333817462354	0.03188955587830824	0.0797238896957706	0.047834333817462354	0.03188955587830824	0.06377911175661648	0.047834333817462354	0.047834333817462354	0.18290020372139967	0.17930867871243544
P_93	0.050495342959667386	0.0	0.06732712394622319	0.050495342959667386	0.050495342959667386	0.016831780986555796	0.0	0.03366356197311159	0.016831780986555796	0.03366356197311159	0.06732712394622319	0.08415890493277897	0.03366356197311159	0.050495342959667386	0.06732712394622319	0.050495342959667386	0.1805948246003262	0.146133935937442
P_94	0.031097985165597985	0.031097985165597985	0.0	0.046646977748396976	0.046646977748396976	0.06219597033119597	0.046646977748396976	0.046646977748396976	0.015548992582798992	0.046646977748396976	0.031097985165597985	0.046646977748396976	0.0	0.06219597033119597	0.06219597033119597	0.046646977748396976	0.23609228856868786	0.14194800811935238
P_95	0.01742780848434026	0.03485561696868052	0.05228342545302077	0.0	0.05228342545302077	0.03485561696868052	0.0	0.08713904242170128	0.01742780848434026	0.03485561696868052	0.08713904242170128	0.05228342545302077	0.01742780848434026	0.06971123393736103	0.05228342545302077	0.08713904242170128	0.16109131121038228	0.14179634941600744
P_96	0.03191202300561424	0.03191202300561424	0.06382404601122849	0.0	0.047868034508421364	0.047868034508421364	0.01595601150280712	0.06382404601122849	0.01595601150280712	0.047868034508421364	0.047868034508421364	0.06382404601122849	0.03191202300561424	0.047868034508421364	0.03191202300561424	0.047868034508421364	0.20868851079381434	0.1530710290939007
P_97	0.0	0.016313916529694165	0.016313916529694165	0.016313916529694165	0.0	0.03262783305938833	0.03262783305938833	0.09788349917816498	0.016313916529694165	0.016313916529694165	0.08156958264847082	0.08156958264847082	0.016313916529694165	0.09788349917816498	0.08156958264847082	0.04894174958908249	0.19160510909682898	0.15583822971540442
P_98	0.13191945967160143	0.049469797376850526	0.049469797376850526	0.01648993245895018	0.049469797376850526	0.049469797376850526	0.01648993245895018	0.01648993245895018	0.03297986491790036	0.01648993245895018	0.08244966229475088	0.049469797376850526	0.01648993245895018	0.03297986491790036	0.03297986491790036	0.01648993245895018	0.16982930701219065	0.17057339462980226
P_99	0.016667213993082092	0.033334427986164185	0.050001641979246274	0.016667213993082092	0.08333606996541046	0.06666885597232837	0.016667213993082092	0.033334427986164185	0.0	0.016667213993082092	0.033334427986164185	0.08333606996541046	0.033334427986164185	0.08333606996541046	0.033334427986164185	0.06666885597232837	0.17984043560584762	0.15347100467086863
P_100	0.04239332387825116	0.014131107959417055	0.07065553979708528	0.014131107959417055	0.02826221591883411	0.014131107959417055	0.04239332387825116	0.04239332387825116	0.014131107959417055	0.07065553979708528	0.02826221591883411	0.05652443183766822	0.05652443183766822	0.02826221591883411	0.02826221591883411	0.014131107959417055	0.2378643265345079	0.19689135508880992
P_101	0.016686426758755687	0.016686426758755687	0.016686426758755687	0.050059280276267056	0.016686426758755687	0.08343213379377842	0.033372853517511375	0.050059280276267056	0.033372853517511375	0.033372853517511375	0.08343213379377842	0.033372853517511375	0.016686426758755687	0.06674570703502275	0.050059280276267056	0.06674570703502275	0.16737452996069763	0.16516839968907499
P_102	0.06349327678674847	0.01587331919668712	0.0793665959834356	0.01587331919668712	0.01587331919668712	0.01587331919668712	0.01587331919668712	0.06349327678674847	0.03174663839337424	0.06349327678674847	0.04761995759006135	0.04761995759006135	0.06349327678674847	0.01587331919668712	0.04761995759006135	0.03174663839337424	0.20623696228718855	0.15883026984532675
P_103	0.04578837767499097	0.015262792558330325	0.04578837767499097	0.04578837767499097	0.015262792558330325	0.03052558511666065	0.03052558511666065	0.015262792558330325	0.0610511702333213	0.03052558511666065	0.07631396279165162	0.04578837767499097	0.03052558511666065	0.015262792558330325	0.0610511702333213	0.04578837767499097	0.19072946521128897	0.1987588324554981
P_104	0.09413548026594477	0.015689246710990798	0.07844623355495399	0.0	0.0	0.031378493421981596	0.031378493421981596	0.015689246710990798	0.031378493421981596	0.015689246710990798	0.015689246710990798	0.10982472697693557	0.04706774013297239	0.015689246710990798	0.04706774013297239	0.07844623355495399	0.19966014677893731	0.17276998478143069
P_105	0.015926240326748737	0.0	0.04777872098024621	0.0	0.04777872098024621	0.06370496130699495	0.015926240326748737	0.04777872098024621	0.0	0.06370496130699495	0.09555744196049241	0.06370496130699495	0.0	0.031852480653497474	0.07963120163374368	0.06370496130699495	0.190216507844844	0.17273387908520657
P_106	0.0492460342437782	0.03283068949585213	0.08207672373963033	0.016415344747926067	0.08207672373963033	0.016415344747926067	0.016415344747926067	0.0492460342437782	0.016415344747926067	0.0492460342437782	0.08207672373963033	0.0492460342437782	0.016415344747926067	0.06566137899170427	0.03283068949585213	0.0	0.18815680638222937	0.15522940370072807
P_107	0.03103477243960426	0.01551738621980213	0.01551738621980213	0.03103477243960426	0.03103477243960426	0.12413908975841705	0.04655215865940639	0.01551738621980213	0.03103477243960426	0.03103477243960426	0.09310431731881277	0.04655215865940639	0.0	0.04655215865940639	0.04655215865940639	0.01551738621980213	0.18008603106966875	0.19921852013824606
P_108	0.034349571669185314	0.034349571669185314	0.051524357503777964	0.017174785834592657	0.051524357503777964	0.06869914333837063	0.017174785834592657	0.06869914333837063	0.034349571669185314	0.034349571669185314	0.034349571669185314	0.051524357503777964	0.0	0.08587392917296327	0.051524357503777964	0.051524357503777964	0.16217489694919898	0.1508336696670948
P_109	0.015981954169483926	0.03196390833896785	0.03196390833896785	0.03196390833896785	0.03196390833896785	0.07990977084741963	0.04794586250845177	0.04794586250845177	0.04794586250845177	0.03196390833896785	0.03196390833896785	0.04794586250845177	0.015981954169483926	0.04794586250845177	0.04794586250845177	0.04794586250845177	0.1931573243812074	0.16756450883943558
P_110	0.03773986104096582	0.01886993052048291	0.0	0.05660979156144873	0.05660979156144873	0.11321958312289745	0.01886993052048291	0.05660979156144873	0.0	0.03773986104096582	0.01886993052048291	0.0	0.01886993052048291	0.05660979156144873	0.01886993052048291	0.24530909676627782	0.1256404165173091	0.11956236266337451
P_111	0.01526409940673671	0.0	0.07632049703368354	0.01526409940673671	0.04579229822021013	0.06105639762694684	0.03052819881347342	0.01526409940673671	0.03052819881347342	0.04579229822021013	0.07632049703368354	0.07632049703368354	0.01526409940673671	0.04579229822021013	0.06105639762694684	0.0	0.21996777936069087	0.16946824436984073
P_112	0.049166945545995454	0.016388981848665152	0.08194490924332576	0.0	0.032777963697330305	0.032777963697330305	0.032777963697330305	0.049166945545995454	0.06555592739466061	0.032777963697330305	0.09833389109199091	0.049166945545995454	0.0	0.06555592739466061	0.032777963697330305	0.016388981848665152	0.18861779445345334	0.15582293159994065
P_113	0.04595423459603273	0.015318078198677577	0.04595423459603273	0.030636156397355153	0.030636156397355153	0.030636156397355153	0.06127231279471031	0.06127231279471031	0.04595423459603273	0.06127231279471031	0.06127231279471031	0.015318078198677577	0.015318078198677577	0.07659039099338788	0.015318078198677577	0.0	0.23345138709070665	0.15382548496219026
P_114	0.018096042083901493	0.05428812625170447	0.036192084167802986	0.018096042083901493	0.036192084167802986	0.10857625250340894	0.018096042083901493	0.09048021041950745	0.036192084167802986	0.0	0.0	0.05428812625170447	0.036192084167802986	0.10857625250340894	0.018096042083901493	0.09048021041950745	0.13346134184249014	0.14269697480145033
P_115	0.0	0.05088930273632307	0.016963100912107693	0.05088930273632307	0.033926201824215386	0.033926201824215386	0.0	0.08481550456053845	0.016963100912107693	0.016963100912107693	0.10177860547264614	0.06785240364843077	0.05088930273632307	0.05088930273632307	0.08481550456053845	0.016963100912107693	0.18040278117754122	0.1410731823381512
P_116	0.0	0.08502171692606558	0.04251085846303279	0.014170286154344265	0.05668114461737706	0.04251085846303279	0.07085143077172133	0.02834057230868853	0.04251085846303279	0.02834057230868853	0.04251085846303279	0.02834057230868853	0.02834057230868853	0.04251085846303279	0.0	0.014170286154344265	0.2671685614163395	0.1660199924098899
P_117	0.014822712378492716	0.029645424756985433	0.059290849513970866	0.014822712378492716	0.014822712378492716	0.04446813713547815	0.059290849513970866	0.029645424756985433	0.07411356189246357	0.029645424756985433	0.059290849513970866	0.029645424756985433	0.014822712378492716	0.059290849513970866	0.014822712378492716	0.04446813713547815	0.2101618891037633	0.196929615756528
P_118	0.0	0.01676201671636341	0.0	0.10057210029818045	0.03352403343272682	0.050286050149090225	0.050286050149090225	0.050286050149090225	0.050286050149090225	0.03352403343272682	0.01676201671636341	0.050286050149090225	0.050286050149090225	0.08381008358181705	0.08381008358181705	0.0	0.20550490371441785	0.12401442763104585
P_119	0.1327599100569824	0.05689710431013532	0.05689710431013532	0.018965701436711776	0.05689710431013532	0.018965701436711776	0.0	0.09482850718355887	0.018965701436711776	0.0	0.018965701436711776	0.03793140287342355	0.03793140287342355	0.09482850718355887	0.0	0.11379420862027063	0.12927077213266924	0.11210117039885976
P_120	0.0697938982886927	0.0697938982886927	0.017448474572173175	0.05234542371651952	0.0697938982886927	0.0697938982886927	0.0	0.08724237286086586	0.017448474572173175	0.05234542371651952	0.017448474572173175	0.017448474572173175	0.03489694914434635	0.03489694914434635	0.0697938982886927	0.017448474572173175	0.16054556204312817	0.14151545506994487
N_1	0.0709174519861953	0.05318808898964647	0.0709174519861953	0.03545872599309765	0.03545872599309765	0.03545872599309765	0.0	0.05318808898964647	0.0709174519861953	0.017729362996548825	0.08864681498274413	0.03545872599309765	0.05318808898964647	0.017729362996548825	0.03545872599309765	0.03545872599309765	0.1427411623342467	0.1480843178038004
N_2	0.051487957581272864	0.051487957581272864	0.051487957581272864	0.051487957581272864	0.051487957581272864	0.017162652527090955	0.0	0.03432530505418191	0.03432530505418191	0.017162652527090955	0.03432530505418191	0.06865061010836382	0.06865061010836382	0.017162652527090955	0.051487957581272864	0.08581326263545477	0.1686579731410742	0.14483592577528773
N_3	0.01760569783043188	0.0	0.05281709349129563	0.01760569783043188	0.01760569783043188	0.03521139566086376	0.0	0.08802848915215938	0.05281709349129563	0.03521139566086376	0.07042279132172752	0.07042279132172752	0.0	0.07042279132172752	0.10563418698259126	0.07042279132172752	0.14228308034750736	0.15348900643521757
N_4	0.016917034979360077	0.05075110493808022	0.0676681399174403	0.016917034979360077	0.05075110493808022	0.016917034979360077	0.016917034979360077	0.05075110493808022	0.05075110493808022	0.0	0.08458517489680037	0.03383406995872015	0.03383406995872015	0.0676681399174403	0.016917034979360077	0.10150220987616045	0.17060075016662474	0.1527178506589722
N_5	0.03489927990500946	0.01744963995250473	0.08724819976252365	0.03489927990500946	0.05234891985751419	0.03489927990500946	0.0	0.08724819976252365	0.03489927990500946	0.06979855981001892	0.05234891985751419	0.01744963995250473	0.03489927990500946	0.05234891985751419	0.03489927990500946	0.05234891985751419	0.15853412512227197	0.14348027677753872
N_6	0.05398174276265888	0.017993914254219628	0.14395131403375702	0.05398174276265888	0.07197565701687851	0.0	0.017993914254219628	0.0	0.14395131403375702	0.017993914254219628	0.05398174276265888	0.035987828508439255	0.017993914254219628	0.035987828508439255	0.035987828508439255	0.017993914254219628	0.14172163736645085	0.13852179246476412
N_7	0.04784648279288919	0.0	0.12759062078103783	0.0	0.04784648279288919	0.0	0.0	0.01594882759762973	0.04784648279288919	0.06379531039051892	0.12759062078103783	0.06379531039051892	0.03189765519525946	0.01594882759762973	0.03189765519525946	0.01594882759762973	0.18514023396955911	0.17690666212525177
N_8	0.03267086266506813	0.016335431332534064	0.03267086266506813	0.04900629399760218	0.04900629399760218	0.04900629399760218	0.0	0.08167715666267031	0.016335431332534064	0.11434801932773841	0.09801258799520436	0.0	0.03267086266506813	0.0	0.08167715666267031	0.0	0.17917446651363664	0.16740828018500079
N_9	0.0326342230086318	0.0489513345129477	0.0326342230086318	0.0326342230086318	0.0652684460172636	0.0	0.0	0.0652684460172636	0.0163171115043159	0.0326342230086318	0.0489513345129477	0.08158555752157949	0.0326342230086318	0.0326342230086318	0.0979026690258954	0.0326342230086318	0.19092177998728976	0.15639375984007428
N_10	0.05049010171650038	0.06732013562200051	0.0	0.033660067811000255	0.05049010171650038	0.13464027124400102	0.033660067811000255	0.06732013562200051	0.033660067811000255	0.033660067811000255	0.0	0.016830033905500127	0.016830033905500127	0.05049010171650038	0.033660067811000255	0.05049010171650038	0.18495818876746817	0.14184045501252676
N_11	0.07221958132716821	0.054164685995376154	0.07221958132716821	0.03610979066358411	0.054164685995376154	0.018054895331792054	0.0	0.054164685995376154	0.03610979066358411	0.018054895331792054	0.07221958132716821	0.018054895331792054	0.07221958132716821	0.018054895331792054	0.018054895331792054	0.10832937199075231	0.15566186955109573	0.12214231717722226
N_12	0.0720643569134744	0.054048267685105796	0.0360321784567372	0.0	0.054048267685105796	0.1441287138269488	0.0	0.0720643569134744	0.0180160892283686	0.0360321784567372	0.0720643569134744	0.0180160892283686	0.0180160892283686	0.0360321784567372	0.0360321784567372	0.054048267685105796	0.13776444561600984	0.1415919852492463
N_13	0.19161604085401623	0.0	0.08709820038818919	0.06967856031055135	0.05225892023291351	0.0	0.0	0.017419640077637837	0.034839280155275675	0.034839280155275675	0.034839280155275675	0.05225892023291351	0.05225892023291351	0.034839280155275675	0.034839280155275675	0.0	0.15311467591982073	0.15009972097466576
N_14	0.07244154535530693	0.036220772677653466	0.018110386338826733	0.054331159016480196	0.036220772677653466	0.1811038633882673	0.018110386338826733	0.07244154535530693	0.018110386338826733	0.018110386338826733	0.0	0.036220772677653466	0.07244154535530693	0.054331159016480196	0.036220772677653466	0.0	0.14951071235217656	0.12607383409475412
N_15	0.16249430570433754	0.0	0.07221969142415002	0.09027461428018752	0.018054922856037506	0.0	0.0	0.018054922856037506	0.07221969142415002	0.0	0.05416476856811251	0.07221969142415002	0.05416476856811251	0.03610984571207501	0.07221969142415002	0.0	0.1433114902743276	0.13449159548417222
N_16	0.07253236790565565	0.07253236790565565	0.07253236790565565	0.05439927592924173	0.10879855185848346	0.07253236790565565	0.0	0.05439927592924173	0.036266183952827824	0.036266183952827824	0.0	0.018133091976413912	0.036266183952827824	0.07253236790565565	0.018133091976413912	0.0	0.15844221518892637	0.11623410575451719
N_17	0.09960413472490212	0.03320137824163404	0.01660068912081702	0.06640275648326809	0.01660068912081702	0.0	0.01660068912081702	0.03320137824163404	0.01660068912081702	0.01660068912081702	0.01660068912081702	0.04980206736245106	0.09960413472490212	0.01660068912081702	0.04980206736245106	0.11620482384571913	0.18428424993018974	0.1516881852371295
N_18	0.03462974860047972	0.01731487430023986	0.12120412010167901	0.0	0.06925949720095945	0.01731487430023986	0.01731487430023986	0.06925949720095945	0.06925949720095945	0.06925949720095945	0.0	0.03462974860047972	0.0	0.06925949720095945	0.05194462290071958	0.05194462290071958	0.18236833640479969	0.125036691585606
N_19	0.0	0.03557463922376906	0.12451123728319169	0.03557463922376906	0.03557463922376906	0.03557463922376906	0.01778731961188453	0.08893659805942264	0.10672391767130716	0.05336195883565358	0.0	0.0	0.05336195883565358	0.03557463922376906	0.01778731961188453	0.07114927844753811	0.1667568510976066	0.1217503644270123
N_20	0.033249475628061444	0.06649895125612289	0.033249475628061444	0.016624737814030722	0.0831236890701536	0.04987421344209217	0.0	0.0831236890701536	0.033249475628061444	0.06649895125612289	0.033249475628061444	0.033249475628061444	0.016624737814030722	0.016624737814030722	0.09974842688418434	0.0	0.18568612990832628	0.1493243575304448
N_21	0.06598030273371591	0.04948522705028693	0.08247537841714488	0.0	0.06598030273371591	0.04948522705028693	0.0	0.06598030273371591	0.04948522705028693	0.08247537841714488	0.04948522705028693	0.016495075683428978	0.032990151366857956	0.0	0.04948522705028693	0.0	0.1697623845095013	0.17043458815333964
N_22	0.04942637896829177	0.03295091931219452	0.04942637896829177	0.03295091931219452	0.04942637896829177	0.03295091931219452	0.01647545965609726	0.03295091931219452	0.04942637896829177	0.01647545965609726	0.04942637896829177	0.08237729828048629	0.03295091931219452	0.03295091931219452	0.08237729828048629	0.01647545965609726	0.1902374012349	0.15074421252120973
N_23	0.03546225128297616	0.05319337692446423	0.05319337692446423	0.03546225128297616	0.07092450256595231	0.07092450256595231	0.0	0.07092450256595231	0.05319337692446423	0.05319337692446423	0.08865562820744038	0.0	0.01773112564148808	0.05319337692446423	0.03546225128297616	0.01773112564148808	0.1473418350690893	0.14341313927138766
N_24	0.05326235579075408	0.10652471158150816	0.035508237193836056	0.05326235579075408	0.08877059298459014	0.10652471158150816	0.017754118596918028	0.035508237193836056	0.07101647438767211	0.0	0.05326235579075408	0.0	0.035508237193836056	0.035508237193836056	0.017754118596918028	0.0	0.14155410350487901	0.14828115261839991
N_25	0.0	0.05333722439408901	0.03555814959605934	0.01777907479802967	0.03555814959605934	0.14223259838423735	0.01777907479802967	0.07111629919211868	0.05333722439408901	0.01777907479802967	0.03555814959605934	0.03555814959605934	0.03555814959605934	0.05333722439408901	0.03555814959605934	0.07111629919211868	0.15282540154048427	0.13601160653832892
N_26	0.016049459446625117	0.16049459446625117	0.0	0.032098918893250235	0.16049459446625117	0.06419783778650047	0.032098918893250235	0.016049459446625117	0.016049459446625117	0.04814837833987535	0.0	0.016049459446625117	0.016049459446625117	0.016049459446625117	0.04814837833987535	0.0	0.268012255271933	0.09000936686306213
N_27	0.07431510345679511	0.018578775864198777	0.037157551728397555	0.11147265518519266	0.07431510345679511	0.037157551728397555	0.0	0.05573632759259633	0.037157551728397555	0.018578775864198777	0.018578775864198777	0.018578775864198777	0.05573632759259633	0.09289387932099388	0.037157551728397555	0.05573632759259633	0.12715079187882614	0.12969817355322275
N_28	0.06349804246146663	0.047623531846099965	0.06349804246146663	0.01587451061536666	0.06349804246146663	0.01587451061536666	0.01587451061536666	0.01587451061536666	0.06349804246146663	0.047623531846099965	0.07937255307683329	0.047623531846099965	0.01587451061536666	0.0	0.06349804246146663	0.01587451061536666	0.20292734259342649	0.16209223279190726
N_29	0.03558989037352374	0.08897472593380934	0.0	0.03558989037352374	0.07117978074704748	0.10676967112057122	0.01779494518676187	0.08897472593380934	0.03558989037352374	0.03558989037352374	0.0	0.0	0.01779494518676187	0.07117978074704748	0.05338483556028561	0.05338483556028561	0.16214732761080614	0.12605486491871917
N_30	0.07662205081493755	0.019155512703734386	0.07662205081493755	0.03831102540746877	0.03831102540746877	0.11493307622240631	0.0	0.07662205081493755	0.03831102540746877	0.03831102540746877	0.0	0.019155512703734386	0.057466538111203155	0.057466538111203155	0.019155512703734386	0.09577756351867193	0.12320688244284089	0.11057260940778366
N_31	0.10767478552955506	0.017945797588259177	0.10767478552955506	0.05383739276477753	0.07178319035303671	0.0	0.0	0.017945797588259177	0.07178319035303671	0.0	0.08972898794129588	0.05383739276477753	0.035891595176518354	0.05383739276477753	0.017945797588259177	0.017945797588259177	0.14063909901536908	0.14152899745426392
N_32	0.01774794517715781	0.01774794517715781	0.03549589035431562	0.01774794517715781	0.0	0.07099178070863124	0.0	0.14198356141726248	0.01774794517715781	0.053243835531473424	0.03549589035431562	0.03549589035431562	0.03549589035431562	0.08873972588578904	0.07099178070863124	0.07099178070863124	0.16742346603420052	0.12265872687948719
N_33	0.0320251919754671	0.0640503839509342	0.0	0.04803778796320064	0.0640503839509342	0.0640503839509342	0.0320251919754671	0.04803778796320064	0.0320251919754671	0.04803778796320064	0.01601259598773355	0.04803778796320064	0.01601259598773355	0.0320251919754671	0.09607557592640129	0.0	0.22348000119249542	0.13601615929816271
N_34	0.08797702835651437	0.03519081134260575	0.05278621701390862	0.05278621701390862	0.03519081134260575	0.0	0.0	0.05278621701390862	0.0703816226852115	0.03519081134260575	0.05278621701390862	0.03519081134260575	0.03519081134260575	0.017595405671302876	0.08797702835651437	0.05278621701390862	0.1556137376793861	0.140570035468499
N_35	0.017924867706554066	0.017924867706554066	0.0	0.08962433853277033	0.07169947082621626	0.053774603119662194	0.0	0.03584973541310813	0.0	0.017924867706554066	0.017924867706554066	0.053774603119662194	0.053774603119662194	0.07169947082621626	0.07169947082621626	0.14339894165243253	0.14893190402185302	0.13407338771598434
N_36	0.01750302431473841	0.03500604862947682	0.08751512157369205	0.01750302431473841	0.08751512157369205	0.01750302431473841	0.01750302431473841	0.05250907294421523	0.05250907294421523	0.05250907294421523	0.01750302431473841	0.03500604862947682	0.0	0.08751512157369205	0.03500604862947682	0.08751512157369205	0.170883642048574	0.12899538536188962
N_37	0.06896484344693185	0.05172363258519888	0.017241210861732963	0.034482421723465925	0.06896484344693185	0.017241210861732963	0.017241210861732963	0.05172363258519888	0.0	0.0	0.0	0.0862060543086648	0.034482421723465925	0.06896484344693185	0.05172363258519888	0.12068847603213072	0.17633735762351752	0.13401420790716415
N_38	0.03706418752236028	0.03706418752236028	0.07412837504472056	0.07412837504472056	0.05559628128354041	0.01853209376118014	0.0	0.07412837504472056	0.05559628128354041	0.03706418752236028	0.0	0.01853209376118014	0.05559628128354041	0.05559628128354041	0.03706418752236028	0.11119256256708082	0.13309521651971748	0.125621033033077
N_39	0.07122767086713806	0.07122767086713806	0.07122767086713806	0.05342075315035354	0.12464842401749159	0.0	0.0	0.017806917716784516	0.05342075315035354	0.017806917716784516	0.05342075315035354	0.03561383543356903	0.0	0.07122767086713806	0.03561383543356903	0.03561383543356903	0.17393836796683385	0.11378492336178572
N_40	0.12799355527732217	0.036569587222092054	0.036569587222092054	0.018284793611046027	0.036569587222092054	0.054854380833138074	0.0	0.07313917444418411	0.018284793611046027	0.036569587222092054	0.018284793611046027	0.018284793611046027	0.054854380833138074	0.036569587222092054	0.036569587222092054	0.12799355527732217	0.1382177242313551	0.13039053132680392
N_41	0.01716480878562461	0.01716480878562461	0.10298885271374766	0.01716480878562461	0.05149442635687383	0.0	0.0	0.01716480878562461	0.06865923514249844	0.03432961757124922	0.10298885271374766	0.08582404392812305	0.01716480878562461	0.01716480878562461	0.08582404392812305	0.05149442635687383	0.17547193778882758	0.13793571078618805
N_42	0.11175821446630603	0.037252738155435346	0.07450547631087069	0.07450547631087069	0.07450547631087069	0.0	0.0	0.018626369077717673	0.055879107233153015	0.0	0.018626369077717673	0.037252738155435346	0.055879107233153015	0.037252738155435346	0.037252738155435346	0.11175821446630603	0.13638055502990323	0.11856468186138995
N_43	0.054240148410805857	0.03616009894053724	0.07232019788107448	0.03616009894053724	0.03616009894053724	0.0	0.0	0.12656034629188034	0.03616009894053724	0.03616009894053724	0.0	0.03616009894053724	0.07232019788107448	0.07232019788107448	0.03616009894053724	0.07232019788107448	0.1675485292805312	0.10924949190872407
N_44	0.03727438296383834	0.0559115744457575	0.07454876592767667	0.01863719148191917	0.07454876592767667	0.20500910630111085	0.0	0.03727438296383834	0.01863719148191917	0.01863719148191917	0.01863719148191917	0.0559115744457575	0.0559115744457575	0.03727438296383834	0.01863719148191917	0.01863719148191917	0.14081357103843958	0.11369876968479366
N_45	0.05350327760685507	0.017834425868951693	0.035668851737903386	0.035668851737903386	0.05350327760685507	0.017834425868951693	0.0	0.07133770347580677	0.017834425868951693	0.035668851737903386	0.017834425868951693	0.07133770347580677	0.035668851737903386	0.07133770347580677	0.07133770347580677	0.10700655521371014	0.17293234880873698	0.11369061643319534
N_46	0.018842497192542086	0.03768499438508417	0.03768499438508417	0.05652749157762625	0.1130549831552525	0.1130549831552525	0.0	0.09421248596271042	0.0	0.05652749157762625	0.05652749157762625	0.0	0.018842497192542086	0.1130549831552525	0.018842497192542086	0.018842497192542086	0.1384114443601456	0.10788866793817105
N_47	0.10926449678773807	0.018210749464623012	0.07284299785849205	0.036421498929246024	0.09105374732311507	0.10926449678773807	0.0	0.018210749464623012	0.054632248393869036	0.054632248393869036	0.054632248393869036	0.018210749464623012	0.0	0.036421498929246024	0.036421498929246024	0.018210749464623012	0.14643447308472324	0.1251355483303563
N_48	0.05961942008893639	0.039746280059290935	0.05961942008893639	0.039746280059290935	0.039746280059290935	0.019873140029645468	0.0	0.039746280059290935	0.019873140029645468	0.019873140029645468	0.0	0.019873140029645468	0.05961942008893639	0.019873140029645468	0.0	0.3577165205336184	0.10128486796503897	0.10378953084914233
N_49	0.0	0.0	0.019119773878803	0.076479095515212	0.038239547757606	0.038239547757606	0.0	0.11471864327281799	0.038239547757606	0.019119773878803	0.019119773878803	0.019119773878803	0.038239547757606	0.11471864327281799	0.05735932163640899	0.172077964909227	0.1131214394613937	0.12208760538648637
N_50	0.0	0.07015926499531774	0.017539816248829436	0.05261944874648831	0.05261944874648831	0.017539816248829436	0.0	0.08769908124414717	0.03507963249765887	0.05261944874648831	0.0	0.017539816248829436	0.05261944874648831	0.017539816248829436	0.08769908124414717	0.1403185299906355	0.16865840564255402	0.12974894440426857
N_51	0.0	0.03840874982213816	0.01920437491106908	0.07681749964427632	0.05761312473320723	0.11522624946641447	0.0	0.09602187455534539	0.03840874982213816	0.0	0.01920437491106908	0.01920437491106908	0.03840874982213816	0.13443062437748354	0.01920437491106908	0.09602187455534539	0.11806856260923533	0.11375644094800152
N_52	0.01921066830994994	0.01921066830994994	0.0	0.07684267323979976	0.05763200492984982	0.11526400985969965	0.0	0.1344746781696496	0.0	0.01921066830994994	0.01921066830994994	0.03842133661989988	0.03842133661989988	0.15368534647959953	0.05763200492984982	0.01921066830994994	0.13438558664294037	0.097187680959062
N_53	0.0	0.19799924776318178	0.017999931614834708	0.07199972645933883	0.19799924776318178	0.0	0.0	0.017999931614834708	0.017999931614834708	0.0	0.0	0.0	0.07199972645933883	0.0	0.0	0.12599952130384293	0.22905276055420856	0.050949974852403226
N_54	0.17931082993226344	0.07172433197290538	0.05379324897967903	0.08965541496613172	0.07172433197290538	0.017931082993226346	0.017931082993226346	0.017931082993226346	0.05379324897967903	0.017931082993226346	0.0	0.017931082993226346	0.07172433197290538	0.017931082993226346	0.017931082993226346	0.0	0.16943972276735647	0.11331695750358979
N_55	0.21791494478107512	0.018159578731756262	0.07263831492702505	0.05447873619526878	0.0907978936587813	0.05447873619526878	0.0	0.0	0.018159578731756262	0.018159578731756262	0.018159578731756262	0.05447873619526878	0.05447873619526878	0.036319157463512525	0.018159578731756262	0.0	0.1520364321503979	0.12158041857935176
N_56	0.03554657806800678	0.053319867102010164	0.01777328903400339	0.03554657806800678	0.053319867102010164	0.0	0.0	0.08886644517001695	0.01777328903400339	0.03554657806800678	0.01777328903400339	0.03554657806800678	0.03554657806800678	0.07109315613601357	0.07109315613601357	0.14218631227202713	0.15835815200984021	0.13071028663002418
N_57	0.018255413065847347	0.018255413065847347	0.03651082613169469	0.05476623919754203	0.0	0.018255413065847347	0.0	0.05476623919754203	0.05476623919754203	0.018255413065847347	0.03651082613169469	0.05476623919754203	0.03651082613169469	0.018255413065847347	0.10953247839508407	0.2008095437243208	0.1527289360848409	0.11705454128126529
N_58	0.03376088002449372	0.03376088002449372	0.05064132003674058	0.06752176004898744	0.05064132003674058	0.0	0.0	0.03376088002449372	0.03376088002449372	0.06752176004898744	0.03376088002449372	0.03376088002449372	0.06752176004898744	0.0	0.0844022000612343	0.0844022000612343	0.19760546060592815	0.12717693890419746
N_59	0.1125550034732729	0.018759167245545483	0.09379583622772741	0.05627750173663645	0.03751833449109097	0.018759167245545483	0.0	0.03751833449109097	0.07503666898218193	0.03751833449109097	0.0	0.03751833449109097	0.05627750173663645	0.018759167245545483	0.05627750173663645	0.09379583622772741	0.1397006408209167	0.10993266935726402
N_60	0.06853313256876367	0.017133283142190918	0.034266566284381836	0.05139984942657275	0.017133283142190918	0.05139984942657275	0.034266566284381836	0.06853313256876367	0.0	0.017133283142190918	0.017133283142190918	0.034266566284381836	0.06853313256876367	0.08566641571095458	0.0	0.1199329819953364	0.15449429932509096	0.16017437498727244
N_61	0.07566777449212772	0.056750830869095784	0.03783388724606386	0.07566777449212772	0.07566777449212772	0.07566777449212772	0.0	0.056750830869095784	0.056750830869095784	0.01891694362303193	0.0	0.03783388724606386	0.03783388724606386	0.056750830869095784	0.07566777449212772	0.01891694362303193	0.14011472943349976	0.10320752564522309
N_62	0.03530904762530723	0.05296357143796084	0.07061809525061447	0.07061809525061447	0.08827261906326807	0.0	0.0	0.05296357143796084	0.08827261906326807	0.05296357143796084	0.03530904762530723	0.017654523812653616	0.017654523812653616	0.03530904762530723	0.08827261906326807	0.0	0.17916592392716366	0.11465312356669172
N_63	0.04937203911480217	0.04937203911480217	0.0658293854864029	0.016457346371600724	0.0658293854864029	0.0	0.016457346371600724	0.04937203911480217	0.03291469274320145	0.03291469274320145	0.016457346371600724	0.04937203911480217	0.03291469274320145	0.04937203911480217	0.03291469274320145	0.09874407822960433	0.19866610860839107	0.14304003652758002
N_64	0.0381295337171225	0.01906476685856125	0.0381295337171225	0.09532383429280625	0.09532383429280625	0.05719430057568374	0.0	0.01906476685856125	0.0381295337171225	0.01906476685856125	0.0	0.0381295337171225	0.01906476685856125	0.09532383429280625	0.05719430057568374	0.13345336800992874	0.13277345650399688	0.10463586915355323
N_65	0.018163811933692094	0.05449143580107627	0.018163811933692094	0.07265524773476838	0.03632762386738419	0.0	0.0	0.14531049546953675	0.03632762386738419	0.0	0.018163811933692094	0.018163811933692094	0.07265524773476838	0.10898287160215255	0.03632762386738419	0.09081905966846046	0.14338143654367638	0.13006608610863987
N_66	0.08979519018603509	0.01795903803720702	0.03591807607441404	0.05387711411162105	0.01795903803720702	0.0	0.0	0.07183615214882808	0.0	0.0	0.03591807607441404	0.07183615214882808	0.08979519018603509	0.05387711411162105	0.05387711411162105	0.12571326626044912	0.1569826530137347	0.12465582549798468
N_67	0.12914683111061062	0.07379818920606322	0.018449547301515806	0.07379818920606322	0.05534864190454741	0.03689909460303161	0.0	0.03689909460303161	0.05534864190454741	0.0	0.018449547301515806	0.018449547301515806	0.05534864190454741	0.018449547301515806	0.05534864190454741	0.09224773650757903	0.1358366369621403	0.1261814709772275
N_68	0.03649825020320376	0.03649825020320376	0.01824912510160188	0.07299650040640752	0.01824912510160188	0.05474737530480564	0.0	0.09124562550800941	0.03649825020320376	0.01824912510160188	0.0	0.05474737530480564	0.05474737530480564	0.05474737530480564	0.10949475060961128	0.07299650040640752	0.15718692056488076	0.11284807537104406
N_69	0.03616464556662194	0.0	0.03616464556662194	0.0542469683499329	0.01808232278331097	0.0	0.0	0.0542469683499329	0.03616464556662194	0.03616464556662194	0.12657625948317677	0.0542469683499329	0.03616464556662194	0.03616464556662194	0.07232929113324388	0.12657625948317677	0.14315305116254465	0.13355403750501665
N_70	0.017793858466639598	0.053381575399918786	0.07117543386655839	0.017793858466639598	0.053381575399918786	0.053381575399918786	0.017793858466639598	0.07117543386655839	0.053381575399918786	0.017793858466639598	0.08896929233319799	0.035587716933279195	0.035587716933279195	0.053381575399918786	0.017793858466639598	0.053381575399918786	0.1684112357568718	0.11983442557754437
N_71	0.01611767908588146	0.04835303725764437	0.04835303725764437	0.03223535817176292	0.06447071634352584	0.04835303725764437	0.01611767908588146	0.04835303725764437	0.01611767908588146	0.04835303725764437	0.03223535817176292	0.06447071634352584	0.04835303725764437	0.03223535817176292	0.04835303725764437	0.03223535817176292	0.21119399914576736	0.1440988374189743
N_72	0.06762950084253488	0.0845368760531686	0.03381475042126744	0.01690737521063372	0.06762950084253488	0.03381475042126744	0.01690737521063372	0.050722125631901156	0.050722125631901156	0.03381475042126744	0.0845368760531686	0.01690737521063372	0.01690737521063372	0.01690737521063372	0.050722125631901156	0.03381475042126744	0.16168280141361904	0.16202219016103206
N_74	0.09396327309154728	0.09396327309154728	0.05637796385492837	0.018792654618309458	0.07517061847323783	0.11275592770985673	0.0	0.05637796385492837	0.07517061847323783	0.0	0.018792654618309458	0.018792654618309458	0.037585309236618916	0.037585309236618916	0.018792654618309458	0.037585309236618916	0.13701020962318586	0.11128360564443597
N_75	0.07732754649641801	0.0	0.03866377324820901	0.09665943312052251	0.019331886624104504	0.0	0.0	0.07732754649641801	0.03866377324820901	0.019331886624104504	0.019331886624104504	0.019331886624104504	0.057995659872313504	0.07732754649641801	0.03866377324820901	0.19331886624104502	0.11775699843558866	0.10896753660023134
N_76	0.06577814035022775	0.06577814035022775	0.1315562807004555	0.016444535087556937	0.11511174561289855	0.0	0.0	0.0	0.06577814035022775	0.04933360526267081	0.032889070175113874	0.04933360526267081	0.032889070175113874	0.0	0.032889070175113874	0.0	0.179270534966906	0.1629480615308166
N_77	0.05449330979858608	0.03632887319905739	0.03632887319905739	0.07265774639811479	0.018164436599528697	0.0	0.0	0.07265774639811479	0.07265774639811479	0.0	0.018164436599528697	0.07265774639811479	0.03632887319905739	0.05449330979858608	0.10898661959717217	0.07265774639811479	0.14954796177551466	0.12387457424333752
N_78	0.14075622593066756	0.017594528241333444	0.05278358472400033	0.0	0.0	0.0	0.0	0.07037811296533378	0.05278358472400033	0.017594528241333444	0.07037811296533378	0.07037811296533378	0.017594528241333444	0.017594528241333444	0.10556716944800067	0.07037811296533378	0.14943321566084358	0.14678565468581867
N_79	0.1292357449344006	0.05538674782902883	0.07384899710537178	0.05538674782902883	0.07384899710537178	0.0	0.0	0.03692449855268589	0.09231124638171473	0.018462249276342945	0.018462249276342945	0.018462249276342945	0.018462249276342945	0.03692449855268589	0.05538674782902883	0.05538674782902883	0.14154356396522413	0.11996646498105808
N_80	0.08308188617301267	0.016616377234602533	0.0	0.0	0.0	0.0	0.0	0.13293101787682027	0.0	0.06646550893841013	0.04984913170380759	0.06646550893841013	0.0	0.04984913170380759	0.13293101787682027	0.06646550893841013	0.1908909015515057	0.144454009064393
N_81	0.12270925280994607	0.05258967977569118	0.10517935955138236	0.017529893258563727	0.07011957303425491	0.0	0.0	0.035059786517127454	0.07011957303425491	0.05258967977569118	0.05258967977569118	0.017529893258563727	0.035059786517127454	0.017529893258563727	0.035059786517127454	0.017529893258563727	0.14782329706727254	0.1509809725901785
N_82	0.09566910036635765	0.03826764014654306	0.05740146021981459	0.05740146021981459	0.09566910036635765	0.09566910036635765	0.0	0.05740146021981459	0.01913382007327153	0.0	0.01913382007327153	0.03826764014654306	0.03826764014654306	0.11480292043962918	0.0	0.03826764014654306	0.12657414467086006	0.1080730523982787
N_83	0.09869753894112582	0.06579835929408388	0.06579835929408388	0.03289917964704194	0.08224794911760486	0.03289917964704194	0.01644958982352097	0.03289917964704194	0.01644958982352097	0.04934876947056291	0.03289917964704194	0.01644958982352097	0.04934876947056291	0.03289917964704194	0.0	0.03289917964704194	0.19094250835205906	0.15107389870710208
N_84	0.07241312986401323	0.05430984739800991	0.05430984739800991	0.09051641233001652	0.09051641233001652	0.0	0.0	0.018103282466003307	0.05430984739800991	0.018103282466003307	0.018103282466003307	0.036206564932006614	0.036206564932006614	0.036206564932006614	0.05430984739800991	0.09051641233001652	0.15630293622114078	0.11956576513872706
N_85	0.09079854964384683	0.018159709928769367	0.09079854964384683	0.03631941985753873	0.018159709928769367	0.03631941985753873	0.0	0.054479129786308096	0.07263883971507747	0.03631941985753873	0.054479129786308096	0.03631941985753873	0.054479129786308096	0.03631941985753873	0.054479129786308096	0.03631941985753873	0.15761833536848427	0.11599326748074104
N_86	0.11163474121054498	0.05581737060527249	0.09302895100878748	0.018605790201757497	0.07442316080702999	0.018605790201757497	0.0	0.07442316080702999	0.05581737060527249	0.03721158040351499	0.0	0.018605790201757497	0.03721158040351499	0.05581737060527249	0.018605790201757497	0.07442316080702999	0.14487412852744788	0.11089426340225224
N_87	0.0	0.0526371697175851	0.03509144647839007	0.0526371697175851	0.08772861619597518	0.017545723239195034	0.0	0.07018289295678014	0.017545723239195034	0.017545723239195034	0.017545723239195034	0.1052743394351702	0.03509144647839007	0.08772861619597518	0.08772861619597518	0.017545723239195034	0.1944871738537349	0.1036838965784637
N_88	0.018573301650884534	0.018573301650884534	0.03714660330176907	0.03714660330176907	0.03714660330176907	0.018573301650884534	0.0	0.14858641320707627	0.03714660330176907	0.03714660330176907	0.03714660330176907	0.018573301650884534	0.03714660330176907	0.13001311155619172	0.03714660330176907	0.09286650825442266	0.13471904645755486	0.12234888750706382
N_89	0.019968443983848585	0.0	0.05990533195154575	0.05990533195154575	0.03993688796769717	0.15974755187078868	0.0	0.1198106639030915	0.019968443983848585	0.03993688796769717	0.0	0.0	0.03993688796769717	0.1397791078869401	0.0	0.09984221991924293	0.1133936252248973	0.08786861542115933
N_90	0.07612767157080066	0.03806383578540033	0.03806383578540033	0.09515958946350082	0.05709575367810049	0.019031917892700166	0.0	0.07612767157080066	0.03806383578540033	0.019031917892700166	0.03806383578540033	0.0	0.05709575367810049	0.09515958946350082	0.019031917892700166	0.09515958946350082	0.12286518193632544	0.11585810235566807
N_91	0.05526083121448082	0.05526083121448082	0.01842027707149361	0.03684055414298722	0.05526083121448082	0.07368110828597443	0.0	0.05526083121448082	0.01842027707149361	0.01842027707149361	0.01842027707149361	0.05526083121448082	0.03684055414298722	0.03684055414298722	0.07368110828597443	0.12894193950045524	0.16057944235528746	0.1026094747849683
N_92	0.09099070532605641	0.07279256426084513	0.05459442319563384	0.05459442319563384	0.09099070532605641	0.036396282130422564	0.0	0.036396282130422564	0.036396282130422564	0.018198141065211282	0.0	0.05459442319563384	0.07279256426084513	0.036396282130422564	0.036396282130422564	0.036396282130422564	0.16928697849575694	0.10278737889579186
N_93	0.0	0.03496188509703331	0.05244282764554996	0.05244282764554996	0.10488565529109992	0.13984754038813324	0.03496188509703331	0.017480942548516655	0.03496188509703331	0.05244282764554996	0.06992377019406662	0.017480942548516655	0.0	0.06992377019406662	0.017480942548516655	0.0	0.18116498820260493	0.11959730985672894
N_94	0.055151792809793695	0.0367678618731958	0.0735357237463916	0.055151792809793695	0.0919196546829895	0.0919196546829895	0.0	0.055151792809793695	0.0183839309365979	0.0367678618731958	0.0183839309365979	0.0367678618731958	0.055151792809793695	0.055151792809793695	0.0367678618731958	0.0183839309365979	0.148274479363065	0.11636828317301899
N_95	0.05599044245749895	0.018663480819166318	0.018663480819166318	0.07465392327666527	0.05599044245749895	0.018663480819166318	0.0	0.07465392327666527	0.018663480819166318	0.018663480819166318	0.018663480819166318	0.037326961638332636	0.037326961638332636	0.1119808849149979	0.05599044245749895	0.13064436573416421	0.13199844114682724	0.12146232608652009
N_96	0.0516405518018989	0.03442703453459927	0.017213517267299635	0.06885406906919854	0.08606758633649818	0.0	0.017213517267299635	0.017213517267299635	0.017213517267299635	0.017213517267299635	0.017213517267299635	0.06885406906919854	0.03442703453459927	0.0516405518018989	0.06885406906919854	0.12049462087109744	0.1971172826946997	0.11434202661331498
N_97	0.0664324844389451	0.03321624221947255	0.04982436332920882	0.08304060554868137	0.016608121109736276	0.0	0.016608121109736276	0.03321624221947255	0.04982436332920882	0.0	0.03321624221947255	0.0664324844389451	0.09964872665841765	0.016608121109736276	0.04982436332920882	0.04982436332920882	0.20582558051098626	0.12984957509956285
N_98	0.053800413838527114	0.035866942559018074	0.10760082767705423	0.035866942559018074	0.08966735639754518	0.035866942559018074	0.0	0.017933471279509037	0.07173388511803615	0.035866942559018074	0.07173388511803615	0.017933471279509037	0.017933471279509037	0.035866942559018074	0.035866942559018074	0.053800413838527114	0.15194895330899585	0.1307121955106426
N_99	0.020195159938939534	0.0	0.0605854798168186	0.020195159938939534	0.08078063975575814	0.020195159938939534	0.0	0.26253707920621394	0.0	0.0605854798168186	0.0	0.0	0.0	0.28273223914515344	0.0	0.0	0.12430445445841956	0.06788914798399899
N_100	0.1614055505454426	0.07173580024241892	0.01793395006060473	0.14347160048483784	0.05380185018181419	0.01793395006060473	0.01793395006060473	0.01793395006060473	0.03586790012120946	0.0	0.0	0.0	0.14347160048483784	0.0	0.0	0.03586790012120946	0.16353659431384066	0.11910540326197014
N_101	0.03582827233467893	0.03582827233467893	0.03582827233467893	0.03582827233467893	0.03582827233467893	0.08957068083669734	0.0	0.1074848170040368	0.017914136167339466	0.0537424085020184	0.017914136167339466	0.017914136167339466	0.0537424085020184	0.07165654466935786	0.0537424085020184	0.0537424085020184	0.14922423369220297	0.13421031961421834
N_102	0.14517245470906143	0.07258622735453071	0.0	0.12702589787042873	0.01814655683863268	0.01814655683863268	0.0	0.03629311367726536	0.01814655683863268	0.0	0.01814655683863268	0.0	0.1633190115476941	0.0	0.01814655683863268	0.09073278419316338	0.1489027663999787	0.1252349600547142
N_103	0.01735747963792541	0.01735747963792541	0.01735747963792541	0.06942991855170164	0.01735747963792541	0.01735747963792541	0.01735747963792541	0.08678739818962705	0.01735747963792541	0.03471495927585082	0.03471495927585082	0.01735747963792541	0.06942991855170164	0.06942991855170164	0.03471495927585082	0.1562173167413287	0.16390668022092963	0.14179413426205395
N_104	0.05153771995337132	0.05153771995337132	0.01717923998445711	0.05153771995337132	0.05153771995337132	0.03435847996891422	0.0	0.06871695993782843	0.01717923998445711	0.01717923998445711	0.05153771995337132	0.03435847996891422	0.03435847996891422	0.05153771995337132	0.06871695993782843	0.08589619992228555	0.1522368157938195	0.1605935848278962
N_105	0.05323508170651093	0.03549005447100729	0.0	0.07098010894201458	0.05323508170651093	0.05323508170651093	0.0	0.08872513617751822	0.03549005447100729	0.05323508170651093	0.017745027235503644	0.017745027235503644	0.03549005447100729	0.03549005447100729	0.10647016341302186	0.05323508170651093	0.1660731922265478	0.1241257183533065
N_106	0.03320759285022779	0.04981138927534168	0.06641518570045558	0.03320759285022779	0.08301898212556948	0.04981138927534168	0.0	0.04981138927534168	0.0	0.06641518570045558	0.0	0.04981138927534168	0.06641518570045558	0.03320759285022779	0.04981138927534168	0.03320759285022779	0.18031365297442997	0.15553449002101422
N_107	0.05203326339456237	0.06937768452608316	0.03468884226304158	0.0	0.06937768452608316	0.06937768452608316	0.0	0.06937768452608316	0.01734442113152079	0.06937768452608316	0.0	0.03468884226304158	0.01734442113152079	0.01734442113152079	0.08672210565760395	0.08672210565760395	0.16893445428093062	0.13728870045823774
N_108	0.0	0.0	0.0885657731132351	0.07085261849058809	0.14170523698117618	0.0885657731132351	0.0	0.0	0.017713154622647023	0.0885657731132351	0.0	0.053139463867941064	0.0	0.053139463867941064	0.07085261849058809	0.035426309245294045	0.17264412288537603	0.1188296922087432
N_109	0.03639043075104875	0.03639043075104875	0.05458564612657312	0.05458564612657312	0.05458564612657312	0.03639043075104875	0.0	0.05458564612657312	0.05458564612657312	0.05458564612657312	0.018195215375524376	0.018195215375524376	0.03639043075104875	0.018195215375524376	0.0727808615020975	0.1273665076286706	0.16384076078217588	0.10835062419684913
N_110	0.10738725795790242	0.0715915053052683	0.0715915053052683	0.017897876326317074	0.05369362897895121	0.0	0.0	0.05369362897895121	0.08948938163158536	0.017897876326317074	0.03579575265263415	0.017897876326317074	0.017897876326317074	0.017897876326317074	0.05369362897895121	0.08948938163158536	0.15515571084371033	0.1289292361036068
N_111	0.017172771269482436	0.0	0.017172771269482436	0.051518313808447305	0.03434554253896487	0.0	0.0	0.051518313808447305	0.0	0.0	0.08586385634741218	0.10303662761689461	0.051518313808447305	0.08586385634741218	0.06869108507792974	0.12020939888637705	0.16722601014356128	0.14586313907714124
N_112	0.05268462468195035	0.03512308312130024	0.07024616624260048	0.05268462468195035	0.07024616624260048	0.01756154156065012	0.01756154156065012	0.03512308312130024	0.07024616624260048	0.01756154156065012	0.07024616624260048	0.03512308312130024	0.01756154156065012	0.07024616624260048	0.03512308312130024	0.03512308312130024	0.1550376117384188	0.14250072583557657
N_113	0.08831228017437721	0.05298736810462633	0.08831228017437721	0.05298736810462633	0.10597473620925266	0.08831228017437721	0.0	0.0	0.035324912069750886	0.05298736810462633	0.035324912069750886	0.017662456034875443	0.05298736810462633	0.0	0.017662456034875443	0.017662456034875443	0.15261711606926842	0.14088464253571392
N_114	0.017374411535989003	0.052123234607967	0.06949764614395601	0.06949764614395601	0.104246469215934	0.017374411535989003	0.0	0.052123234607967	0.034748823071978005	0.052123234607967	0.034748823071978005	0.034748823071978005	0.034748823071978005	0.052123234607967	0.06949764614395601	0.0	0.18045931056862544	0.12456422799181456
N_115	0.017266995006046386	0.0	0.08633497503023192	0.05180098501813916	0.06906798002418554	0.05180098501813916	0.0	0.017266995006046386	0.05180098501813916	0.03453399001209277	0.1208689650423247	0.05180098501813916	0.0	0.05180098501813916	0.06906798002418554	0.017266995006046386	0.1474264298160858	0.16189376994205876
N_116	0.03526271871121302	0.0	0.07052543742242603	0.03526271871121302	0.03526271871121302	0.05289407806681952	0.0	0.05289407806681952	0.05289407806681952	0.03526271871121302	0.03526271871121302	0.10578815613363904	0.01763135935560651	0.05289407806681952	0.10578815613363904	0.01763135935560651	0.17037083086372357	0.12437479491201611
N_117	0.07369593458689173	0.07369593458689173	0.07369593458689173	0.07369593458689173	0.09211991823361466	0.018423983646722934	0.0	0.0552719509401688	0.07369593458689173	0.018423983646722934	0.0	0.018423983646722934	0.03684796729344587	0.0552719509401688	0.03684796729344587	0.03684796729344587	0.14824362411006659	0.11479703002101614
N_118	0.07043164143931264	0.07043164143931264	0.08803955179914079	0.05282373107948447	0.07043164143931264	0.0	0.0	0.05282373107948447	0.08803955179914079	0.03521582071965632	0.03521582071965632	0.0	0.05282373107948447	0.01760791035982816	0.03521582071965632	0.03521582071965632	0.1652806989069602	0.1304028866999135
N_119	0.05724700811847385	0.0	0.019082336039491284	0.09541168019745641	0.0	0.019082336039491284	0.0	0.05724700811847385	0.03816467207898257	0.019082336039491284	0.0	0.019082336039491284	0.09541168019745641	0.03816467207898257	0.03816467207898257	0.26715270455287793	0.12922982017855486	0.10747673824179373
N_120	0.018284194747753117	0.03656838949550623	0.09142097373876558	0.018284194747753117	0.054852584243259346	0.018284194747753117	0.0	0.10970516848651869	0.054852584243259346	0.03656838949550623	0.018284194747753117	0.054852584243259346	0.018284194747753117	0.09142097373876558	0.054852584243259346	0.054852584243259346	0.1564351945570497	0.11219701553282566
